kdelay=0.625
p1=0.00174155
p2=8
p3=0.868
p4=0.108
p5=584
p6=1503
p7=0.000289
p8=0.000214
p9=0.000128
p10=-0.00000883
p11=0.88
p12=0.0189
p13=0.00998996
p14=2.85
p15=0.000663
p16=95
p17=0.00074619
p18=0.075
p19=0.00033572
p20=5.37
p21=0.0689
p22=127
p23=2043
p24=0.00395
p25=0.00185
p26=0.00061
p27=-0.000505
p28=0.88
p29=0.207
p30=1166
p31=581
p32=2.37
p33=-3.71
p34=0.53
p35=0.037
p36=23
p37=0.118
p38=0.29
p39=0.006
p40=0.037
p41=0.0034
p42=5
p43=1.3
p44=0.12
p45=1.78
p46=0.12
p47=3.2
p48=5.2
